id:1
number:0001
optionalName:myName
destination:NEARCITY
arrive:0:0 0/0/1900
departure:1:1 1/1/1991
rate:1.000000

id:2
number:0001
optionalName:myName
destination:NEARCITY
arrive:0:0 0/0/1900
departure:1:1 1/1/1991
rate:1.000000

id:3
number:0020
optionalName:yourName
destination:INTERNATIONAL
arrive:14:29 5/12/1804
departure:23:59 31/12/2019
rate:1.500000

