id: 1
number: 4444
optionalName: 333
destination: SIMPLE
arrive: 1:1 1/1/1
departure: 22:22 22/2/22
rate: 2.000000

id: 2
number: 3333
optionalName: sfw4e
destination: INTERNATIONAL
arrive: 4:4 4/4/4
departure: 5:5 5/5/5
rate: 5.000000

id: 3
number: 1234
optionalName: ddd
destination: FAST
arrive: 9:9 9/9/9000
departure: 13:13 13/10/13
rate: 5.700000

id: 4
number: 5555
optionalName: hhh
destination: FAST
arrive: 4:4 4/4/4
departure: 9:9 9/9/9
rate: 999.000000

